4.89923
6.00646
6.38492
6.51221
6.80348
6.89044
7.08585
7.09497
7.28012
7.61004
7.66228
7.70339
7.86124
8.11722
8.39461
8.44885
8.44992
8.45175
8.50763
8.68451
8.86447
8.96348
9.08831
9.18924
9.22712
9.23074
9.26569
9.27213
9.43429
9.44472
9.48365
9.55041
9.55072
9.66331
9.69267
9.73125
10.2176
10.5444
10.6079
10.7002
11.0398
11.0462
11.1259
11.2086
11.2697
11.6275
11.8419
12.1334
12.1339
12.2838
12.3814
12.5643
12.7354
13.0276
13.0453
13.7371
13.8267
13.9405
14.2208
14.3792
14.4736
14.7182
14.9767
16.5837
17.1571
17.2202
17.9905
18.8113
19.013
20.151
20.2355
20.2409
20.2566
20.324
20.5268
20.9615
24.1165
24.3237
24.4574
24.4989
25.6404
25.7785
26.1152
26.9965
32.0793
32.3783
33.9059
34.3807
39.5184
41.7545
44.7734
45.2008
47.4541
53.0525
59.2202
61.4612
141.869
280.967
338.06
672.497
